	Artwork-Id	type	district	environment	countArtists	experience	replaced	content	userRating	approval
0	32048698	5	3	3	2	1	7	2	4	1
1	39800694	5	3	3	3	2	4	1	2	0
2	80318972	4	3	2	3	2	8	2	4	0
3	74478002	4	3	3	4	1	3	2	4	0
4	71449602	5	2	4	3	2	4	2	0	0
5	19676513	5	4	4	2	1	8	2	3	1
6	90793891	4	5	4	1	4	6	2	4	1
7	68698092	4	2	3	2	2	2	1	4	0
8	56310154	5	1	3	2	1	3	2	2	1
9	13371124	5	3	3	4	2	8	1	3	1
10	50898390	4	5	3	1	1	3	2	1	0
11	78377253	5	4	3	5	1	7	2	3	1
12	10747023	5	5	3	2	1	1	2	4	0
13	65671013	4	3	4	1	3	4	2	2	0
14	79129701	4	2	4	1	2	6	2	4	1
15	56907997	5	1	4	1	1	8	2	4	1
16	54704311	5	3	3	1	2	2	2	2	0
17	71002051	5	2	2	1	2	6	2	5	1
18	26839663	5	3	2	4	3	8	1	5	1
19	66032768	4	2	2	2	3	3	2	1	0
20	59508470	5	1	2	2	2	4	2	3	0
21	95121314	5	1	3	2	1	2	2	3	1
22	50217392	4	4	3	2	4	6	2	4	1
23	94922999	5	1	3	1	4	4	2	2	0
24	53276423	3	5	3	2	1	7	1	3	0
25	36316165	5	5	4	1	1	7	2	2	1
26	96502597	3	4	1	3	4	6	2	3	1
27	34004006	3	3	3	3	3	6	2	5	1
28	44923389	5	2	4	2	2	2	2	0	0
29	12662290	5	2	4	4	2	6	2	4	1
30	93553285	3	4	4	1	2	8	1	4	0
31	44163421	5	1	3	4	2	4	2	5	1
32	27897792	5	1	3	5	1	2	2	3	1
33	58593968	4	1	4	4	4	3	2	5	1
34	73364947	4	5	1	1	2	5	1	3	0
35	28343947	2	1	3	2	3	2	2	5	1
36	84925548	2	3	4	2	2	8	2	5	1
37	42754985	5	5	3	5	1	7	2	5	1
38	91078541	4	4	3	3	1	8	2	2	0
39	80055331	1	4	4	1	2	5	2	2	0
40	81410802	5	3	2	2	3	4	2	4	1
41	42627225	4	1	3	3	3	8	2	3	0
42	67819749	5	1	2	3	3	3	2	3	1
43	72676548	5	5	3	4	3	5	2	4	1
44	30242902	5	4	4	2	4	3	2	4	1
45	63897153	5	1	4	2	4	7	1	0	1
46	28271138	5	4	3	3	3	5	2	5	1
47	11682849	4	5	4	2	2	6	2	4	1
48	52657097	4	4	3	2	2	4	2	4	1
49	28900264	2	2	2	1	3	6	2	4	1
50	91518332	4	5	3	2	2	5	2	4	1
51	68295127	3	4	3	3	1	3	2	2	0
52	38425036	5	3	4	5	1	6	2	3	1
53	16814102	5	4	3	5	1	4	2	3	1
54	41628724	4	5	3	2	3	8	2	0	1
55	15911095	5	2	1	5	1	6	2	3	1
56	25992096	4	2	3	3	1	8	2	2	0
57	58762103	5	3	2	2	2	6	1	5	1
58	69570056	3	3	4	3	2	1	2	1	0
59	54862649	4	2	3	1	2	4	1	1	0
60	40988727	5	2	3	2	1	6	2	1	0
61	52115770	4	3	4	1	3	1	1	5	0
62	83187483	4	4	3	4	1	6	2	2	0
63	93974507	5	5	3	3	3	1	1	4	0
64	44212685	5	4	3	4	1	7	2	5	1
65	45011143	3	3	3	3	2	7	2	3	1
66	15144179	5	2	3	2	2	7	2	1	0
67	93412916	5	3	3	2	2	8	2	4	1
68	27645290	2	5	1	2	1	6	2	0	1
69	52639699	5	2	1	4	3	6	2	2	1
70	27293584	5	4	4	2	3	6	2	1	1
71	23853647	5	2	4	2	1	4	1	3	0
72	80518860	5	3	4	2	3	4	2	4	1
73	81266457	5	4	2	4	2	3	2	3	1
74	89930310	4	2	2	3	2	4	2	2	0
75	48691643	3	2	3	3	1	6	2	3	1
76	98563482	4	4	4	2	1	4	1	4	1
77	60484755	3	4	4	2	3	8	2	5	1
78	32181203	3	4	4	1	3	7	2	4	1
79	51620941	4	5	3	2	4	2	2	5	1
80	67366587	5	5	3	1	3	6	2	2	1
81	26503288	5	4	3	2	2	6	2	0	1
82	42923234	5	1	4	1	1	6	2	3	1
83	25174809	4	4	2	4	2	7	2	0	0
84	10967766	3	5	3	1	3	7	2	0	1
85	21590245	4	5	3	4	2	6	2	3	1
86	39768232	4	5	3	4	3	6	2	5	1
87	66607534	4	1	2	2	1	1	2	3	0
88	12009657	4	5	3	4	2	4	2	4	1
89	79818678	5	3	4	3	2	6	2	0	1
90	18397016	4	2	4	3	4	6	2	4	1
91	43225021	4	3	3	3	2	8	1	2	0
92	32034013	1	4	2	2	1	6	1	0	0
93	58510078	5	2	3	4	3	2	2	3	1
94	45413650	5	1	1	1	3	2	1	4	0
95	38227169	5	4	4	2	1	8	2	2	1
96	26569920	5	2	4	3	2	7	2	3	1
97	36064137	4	1	3	3	2	1	1	5	0
98	16228836	4	3	4	4	2	6	2	4	1
99	13541288	5	4	3	4	2	3	2	5	1
100	64497279	4	2	3	3	3	4	2	4	1
101	88593018	5	3	4	2	2	6	2	4	1
102	78888052	4	2	3	5	3	6	2	4	1
103	32862167	5	3	4	2	2	7	1	4	1
104	52033889	1	3	4	2	2	3	2	3	0
105	13719187	5	2	3	4	3	2	2	4	1
106	14959116	5	3	3	3	4	3	2	4	1
107	87258293	4	1	4	1	2	3	2	2	0
108	92722676	5	4	4	2	2	4	1	0	0
109	91966865	5	1	3	3	1	8	1	3	0
110	39553195	5	4	2	3	2	7	2	4	1
111	37075390	5	4	3	3	2	8	2	4	1
112	52702272	5	4	2	1	2	4	1	3	0
113	36517246	4	3	4	2	2	2	2	4	0
114	61914942	4	4	4	1	3	2	2	0	0
115	53467109	5	3	3	1	3	8	2	2	1
116	11383328	5	3	3	4	3	6	2	0	1
117	85262608	5	3	2	2	3	8	2	0	1
118	79399720	2	4	3	3	1	6	2	2	0
119	70292679	5	3	4	3	1	1	2	3	0
120	55314224	4	2	3	2	2	2	2	3	0
121	59546279	5	3	4	4	2	3	2	5	1
122	74010772	5	4	3	1	3	4	2	2	0
123	40330552	4	1	3	2	2	8	2	1	0
124	19205002	4	2	4	4	1	3	2	3	0
125	20741676	5	1	3	1	2	1	2	3	0
126	14911034	5	4	3	4	2	4	2	0	0
127	66493776	5	1	3	4	2	8	2	3	1
128	78059713	3	1	2	2	3	8	2	1	0
129	14766441	5	3	1	3	1	7	1	0	0
130	32745198	5	2	2	2	1	3	2	4	1
131	71158136	4	3	1	2	2	8	2	4	1
132	57201840	4	2	2	2	3	3	2	5	1
133	39661503	4	5	3	3	3	8	2	3	1
134	39690421	5	4	3	1	2	6	2	2	1
135	14217691	5	1	4	1	1	6	1	2	0
136	39261073	4	2	3	2	1	3	2	1	0
137	41394909	5	1	3	2	1	2	2	3	1
138	33632243	3	3	2	3	3	3	2	5	1
139	61625756	5	3	2	1	1	6	1	5	1
140	22917952	4	4	3	4	2	2	2	5	1
141	13712110	5	5	2	2	1	4	2	1	0
142	77024207	5	5	3	2	2	4	2	4	1
143	61359563	4	5	3	2	3	6	2	5	1
144	22441701	5	2	3	2	4	6	2	5	1
145	57551633	4	3	4	2	2	5	1	3	0
146	95279327	4	2	3	1	1	3	2	5	1
147	27996024	5	2	4	2	3	7	2	1	1
148	97536686	4	2	4	1	1	6	2	0	0
149	20822971	5	3	1	3	2	8	1	3	0
150	64270954	5	1	4	2	1	4	2	4	1
151	47930984	5	3	3	4	1	2	2	2	0
152	98009137	5	3	4	2	2	6	2	3	1
153	38685474	4	4	3	4	4	3	1	0	1
154	90708884	4	2	3	4	3	4	2	2	0
155	70001339	4	4	1	1	3	6	2	0	0
156	25627035	5	4	3	3	1	7	2	1	0
157	16897318	4	3	4	3	3	8	2	4	1
158	18357394	4	4	4	2	2	8	2	0	0
159	22798254	5	2	3	4	1	7	2	3	1
160	22515055	4	5	4	1	4	4	2	4	1
161	27889895	4	3	2	3	4	7	2	4	1
162	71151505	5	1	2	3	1	6	1	3	0
163	42040026	5	2	4	4	3	3	1	2	0
164	38866058	5	5	2	2	2	4	2	1	0
165	74763972	3	4	3	1	1	2	2	3	0
166	82903806	2	3	4	1	2	7	2	2	0
167	24665907	4	5	2	1	1	7	2	3	1
168	44950734	5	2	2	2	3	5	2	5	1
169	10880906	5	3	3	4	2	6	2	3	1
170	60635419	4	3	4	4	3	7	2	2	1
171	38099060	4	4	3	4	1	3	2	1	0
172	66883595	5	3	2	2	1	4	1	4	1
173	60836224	5	3	4	2	2	8	2	3	1
174	69458480	3	5	4	4	2	1	2	1	0
175	15401717	5	4	3	2	3	7	2	3	1
176	95101874	5	3	4	2	3	2	2	0	1
177	34869285	5	3	4	3	1	3	2	1	0
178	28424580	5	1	3	3	3	8	2	4	1
179	92815161	5	1	3	1	1	8	2	3	1
180	70384260	5	4	4	2	4	8	2	4	1
181	37817835	5	4	2	3	1	8	2	3	1
182	47701566	1	3	4	2	2	6	2	3	1
183	52760741	5	3	4	3	3	2	1	4	1
184	32475480	3	4	2	4	2	6	2	2	1
185	91870368	5	1	3	1	3	5	2	5	1
186	68248155	5	2	3	1	3	2	2	4	1
187	77743201	4	3	4	3	3	8	2	2	1
188	42814096	5	5	3	1	1	6	2	3	1
189	93948744	4	4	4	2	2	8	2	4	1
190	91639786	5	3	4	4	3	8	2	5	1
191	44553511	3	4	3	2	3	4	2	5	1
192	73300555	3	3	4	2	1	2	2	2	0
193	57787493	5	3	4	5	1	5	2	1	0
194	88862787	4	2	4	2	2	4	1	3	0
195	50717381	3	3	3	3	1	7	2	3	1
196	25288281	5	4	4	2	4	8	2	4	1
197	28878870	5	2	4	1	3	7	2	2	1
198	15175444	4	5	4	1	2	2	1	3	0
199	17837977	2	5	3	1	3	8	2	4	1
200	25321611	5	4	3	1	3	7	2	5	1
201	29880780	1	3	4	3	3	8	1	5	1
202	95095386	4	1	3	1	1	3	1	2	0
203	85678750	5	3	2	2	2	4	2	1	0
204	45100032	4	3	3	1	1	4	1	2	0
205	86135480	4	2	4	3	4	6	2	0	1
206	79308376	5	3	3	3	1	6	1	3	1
207	97908877	5	3	2	2	2	7	2	4	1
208	98540473	4	5	2	1	1	3	2	2	0
209	69745362	5	4	3	3	2	7	2	2	1
210	26934478	4	4	3	1	1	1	2	0	0
211	26210810	3	2	4	2	1	6	1	0	0
212	80758935	5	2	3	3	3	5	2	3	1
213	78782885	4	3	3	4	3	3	1	3	0
214	18818706	5	1	4	1	2	6	2	3	1
215	26208164	5	3	4	4	2	7	2	5	1
216	47303805	4	3	3	3	1	7	2	3	1
217	11394839	1	3	3	4	2	3	2	3	0
218	40937537	4	5	2	4	2	8	2	3	1
219	33166386	3	3	3	2	3	2	2	4	0
220	75301897	2	4	3	3	2	6	1	5	1
221	52685306	4	4	4	1	1	6	2	0	1
222	97856864	2	3	4	2	2	7	2	3	1
223	11814714	4	4	1	5	2	6	2	3	1
224	20356038	4	4	2	2	1	8	2	3	1
225	91125524	4	3	3	1	3	5	2	0	1
226	10433709	5	5	3	2	2	2	1	3	1
227	43170272	5	5	3	2	2	6	2	2	1
228	28952135	5	5	2	1	1	8	1	0	1
229	57541774	2	5	3	2	3	3	2	2	0
230	20919901	5	2	3	2	2	8	2	4	1
231	89963417	5	4	3	4	3	4	2	5	1
232	17535851	3	3	3	2	2	1	1	4	0
233	44578530	5	4	3	1	3	4	2	2	0
234	48090009	5	3	3	2	4	1	2	4	0
235	60021582	5	5	4	2	3	5	2	2	1
236	79988343	1	3	3	4	2	8	1	1	0
237	63244821	4	2	3	2	4	4	2	4	1
238	12694075	4	3	3	2	2	6	2	0	1
239	62808126	5	1	3	2	1	8	2	4	1
240	65641428	3	2	2	4	1	3	1	4	0
241	84404364	3	3	4	3	1	4	2	4	1
242	86307084	5	5	3	3	3	7	2	2	1
243	51513955	1	1	3	3	1	8	2	1	0
244	26286358	5	2	4	1	2	7	2	3	1
245	61283436	4	5	3	2	1	7	2	5	1
246	78222101	5	4	2	2	2	6	1	0	0
247	45024603	5	3	3	2	1	8	2	0	1
248	20783872	5	3	3	4	1	8	2	4	1
249	76909269	5	3	4	2	2	7	2	4	1
250	24211112	5	1	3	2	2	3	2	4	1
251	98412994	5	5	3	3	2	4	1	0	1
252	76835240	5	1	4	2	4	7	2	2	1
253	95665162	4	3	4	1	2	8	2	2	1
254	10642411	5	5	4	3	1	8	2	3	1
255	36493760	5	2	1	3	3	6	1	2	0
256	73839150	5	4	3	2	1	6	2	1	0
257	35279800	5	2	3	2	3	4	1	4	1
258	70224684	5	1	3	1	1	1	2	2	0
259	68662401	4	3	3	3	2	7	1	3	0
260	51615197	4	1	3	2	1	6	2	4	1
261	54829548	5	1	4	3	1	8	2	3	1
262	47180671	5	3	4	4	4	6	1	3	1
263	95657706	5	3	1	2	3	7	2	3	1
264	27338380	5	5	3	3	2	7	2	4	1
265	82358320	5	5	4	2	2	4	2	4	1
266	39285593	5	2	3	4	4	5	2	3	1
267	78723633	5	5	3	3	1	6	2	3	1
268	34923987	4	4	3	4	4	6	2	0	1
269	50988282	5	1	2	2	1	7	2	2	1
270	33567073	5	5	4	2	4	6	2	4	1
271	32292142	4	5	3	3	2	8	2	4	1
272	43887133	5	5	3	5	3	8	2	3	1
273	79807400	5	3	4	2	3	5	2	2	1
274	23409768	5	3	3	2	4	3	2	5	1
275	31997260	4	4	4	2	2	4	2	1	0
276	49552228	5	5	3	4	2	8	2	3	1
277	61280476	5	5	3	2	3	1	2	4	0
278	12283353	4	4	4	3	1	8	1	3	0
279	89831977	5	3	4	3	1	6	1	3	1
280	38091649	5	2	3	3	1	8	2	2	1
281	94523269	4	2	4	4	1	6	2	1	0
282	82055192	5	2	4	1	2	6	2	2	1
283	13810982	4	4	4	3	1	6	2	2	0
284	93279432	5	3	4	3	2	6	2	0	1
285	71272269	5	4	3	4	2	8	2	4	1
286	40674961	4	4	3	2	1	2	2	4	0
287	48816904	4	1	4	3	2	5	2	3	0
288	94576718	4	2	2	2	2	8	2	2	0
289	33211290	5	3	4	3	3	8	2	5	1
290	32670499	5	1	3	4	3	6	2	5	1
291	82293056	3	4	4	1	3	8	2	5	1
292	34713336	5	1	4	2	2	7	2	1	0
293	27906538	5	3	4	1	2	8	2	4	1
294	99239942	5	4	1	2	3	6	2	2	1
295	41537385	4	3	2	5	1	3	2	4	0
296	97019661	5	1	3	2	1	7	2	2	0
297	71098738	5	3	3	2	3	7	2	2	1
298	41678174	4	2	2	2	1	2	2	3	0
299	43931279	5	5	4	3	1	3	2	2	0
300	22525216	5	2	3	4	2	8	2	3	1
301	45323510	4	5	3	4	3	8	2	3	1
302	60710031	5	3	4	3	3	4	2	5	1
303	97511095	5	5	3	1	1	6	2	3	1
304	60312819	4	5	4	2	3	3	2	5	1
305	90411961	1	1	2	4	1	4	2	4	0
306	16419321	4	3	4	1	3	8	2	3	1
307	60283132	5	2	2	1	2	5	2	2	0
308	71544962	3	4	4	4	1	4	1	3	0
309	72690724	4	3	3	3	3	3	2	4	1
310	87064543	2	5	4	2	3	3	2	3	0
311	19962330	5	1	3	1	1	8	2	4	1
312	20454481	5	3	3	3	1	8	1	2	0
313	91233806	1	2	3	3	2	4	2	3	1
314	11520458	5	1	4	4	2	6	2	1	0
315	33572450	5	5	3	3	1	5	2	5	1
316	10823563	5	5	4	5	3	7	2	4	1
317	59900467	5	3	3	4	4	3	1	5	1
318	13038057	5	3	3	2	2	3	2	0	0
319	60895329	4	1	2	2	3	8	2	1	0
320	23576737	3	5	3	3	1	7	2	5	1
321	22483725	5	4	3	4	4	2	2	5	1
322	87959717	3	5	3	3	2	6	2	3	1
323	72353244	4	4	1	3	4	6	2	0	1
324	10417325	5	1	4	3	4	3	2	3	1
325	98245909	5	4	4	2	3	8	2	2	1
326	90117469	4	3	3	3	1	8	2	3	0
327	29102963	1	2	2	2	4	6	2	4	1
328	27771516	5	5	2	3	2	6	2	4	1
329	74329083	5	4	3	2	3	2	2	0	1
330	14113820	5	3	4	2	3	7	2	4	1
331	17568827	2	1	3	1	2	3	2	5	1
332	48234953	4	2	2	4	2	7	2	3	0
333	93601238	4	4	2	1	2	3	2	4	0
334	62627622	5	3	1	2	1	2	1	3	0
335	77488711	5	2	4	2	2	7	2	3	1
336	14609029	4	5	3	3	1	4	2	2	0
337	72410878	3	3	3	1	1	4	2	3	0
338	53100328	4	2	3	2	3	7	2	2	0
339	77822741	5	3	3	2	2	2	2	1	0
340	85855158	5	4	3	2	1	6	2	1	0
341	68176639	5	3	4	3	2	6	1	2	0
342	70739233	5	2	3	4	2	4	2	4	1
343	80459526	5	1	4	2	1	1	2	4	1
344	65143801	4	4	2	2	2	6	2	1	0
345	67918820	4	3	4	3	2	2	1	2	0
346	97573160	5	2	4	1	1	8	2	5	1
347	30551138	5	3	3	2	4	4	2	5	1
348	18867919	5	2	3	4	2	3	2	2	1
349	68138044	5	2	4	2	1	1	2	3	0
350	18005997	3	5	4	3	2	8	2	3	1
351	19635136	4	4	4	3	1	7	2	4	1
352	32132754	4	5	3	2	3	2	2	2	0
353	89377641	4	3	3	2	1	8	2	1	0
354	11287963	5	5	3	2	2	4	2	5	1
355	35694608	5	2	3	1	2	8	2	2	1
356	79652197	5	5	1	4	2	6	2	2	1
357	10332058	4	3	1	3	2	3	2	4	1
358	71114439	5	5	1	4	3	6	2	4	1
359	31182836	1	5	4	3	2	3	2	1	0
360	12858845	5	3	4	2	2	2	2	3	0
361	48908701	4	2	3	4	1	3	1	2	0
362	21159932	5	4	3	4	2	6	1	0	1
363	17532219	5	2	2	2	1	2	2	5	1
364	74071207	3	3	3	1	3	8	2	5	1
365	27087206	5	3	2	2	3	6	1	5	1
366	96241616	1	1	3	4	1	7	2	2	1
367	73822449	3	4	3	1	2	6	1	3	0
368	15702946	4	1	3	2	4	8	1	5	1
369	44293250	4	5	4	3	1	6	2	0	1
370	78118852	4	1	4	4	3	8	1	5	1
371	44428398	4	5	4	3	2	6	2	3	1
372	36001623	5	4	2	2	3	3	2	3	1
373	28568133	5	4	4	3	2	7	2	2	1
374	75217286	5	2	2	3	4	7	2	5	1
375	91921421	5	1	2	2	1	3	2	3	1
376	62029820	5	2	1	3	2	8	2	0	1
377	33682455	5	5	4	2	3	2	1	5	1
378	57023756	4	3	3	4	3	3	2	2	1
379	68616158	4	5	4	2	2	4	1	3	1
380	31089446	5	3	3	2	2	4	2	0	0
381	62794017	5	1	3	2	1	7	2	0	1
382	34976131	4	5	4	3	2	3	2	4	1
383	76181500	2	2	3	3	2	4	2	1	0
384	27109577	5	3	3	1	2	6	2	4	1
385	40508913	4	4	4	1	1	8	2	4	1
386	43094643	5	4	2	3	3	2	2	5	1
387	34091759	3	3	2	1	3	8	2	4	1
388	68815145	5	3	3	3	3	5	1	3	1
389	74373136	5	5	3	1	3	8	2	5	1
390	51610412	4	2	2	3	2	8	2	3	0
391	59900426	4	5	2	2	4	7	2	4	1
392	64839230	5	2	4	1	2	5	1	2	1
393	22465863	4	4	3	2	2	4	2	2	0
394	83298009	5	1	4	1	1	7	2	2	1
395	50919727	4	1	3	1	3	8	2	4	0
396	12419435	5	2	3	2	2	8	2	3	1
397	16561454	4	1	4	2	3	4	2	2	0
398	96560076	5	2	4	4	1	6	2	3	1
399	39798697	5	5	3	1	2	6	2	1	0
400	28224948	5	2	2	3	1	6	2	3	1
401	68032238	5	2	4	2	3	6	1	3	1
402	78838878	4	4	3	1	1	8	2	3	0
403	29866725	4	2	3	2	1	7	2	2	0
404	97654104	4	4	1	3	2	4	1	3	0
405	99274706	5	3	3	3	3	7	1	5	1
406	33297647	4	2	1	2	2	7	2	2	0
407	41777346	2	5	4	3	1	6	2	4	1
408	50697615	4	2	4	3	1	7	1	1	0
409	69589157	5	2	3	4	1	1	2	5	0
410	25223655	5	4	3	3	1	6	2	1	0
411	23758941	5	4	2	3	3	4	2	2	0
412	17584268	5	1	3	2	1	8	2	3	1
413	82391547	5	1	3	4	2	6	2	5	1
414	52996451	5	3	4	2	1	2	2	3	0
415	37895469	4	3	3	4	1	6	2	2	0
416	84301342	3	3	4	2	1	2	2	4	0
417	96022154	5	4	2	4	2	4	2	3	1
418	20053455	5	1	3	2	2	3	2	5	1
419	82868334	5	3	3	1	2	6	2	4	1
420	50361259	4	2	1	1	3	6	2	1	0
421	78704110	4	1	4	1	1	6	2	3	0
422	57003415	5	1	2	1	2	8	2	1	0
423	68106719	5	3	4	1	2	2	1	4	0
424	52544573	5	4	2	2	2	7	2	3	1
425	85824295	4	5	3	2	2	8	1	5	1
426	19446671	4	3	1	4	3	2	2	4	1
427	20444035	5	4	2	1	1	8	2	3	1
428	43114344	3	3	4	4	3	8	2	5	1
429	15821570	5	3	3	4	2	4	2	3	1
430	83232645	5	3	3	2	1	6	1	3	1
431	30073377	5	4	3	2	3	3	2	5	1
432	31727393	5	2	3	1	3	3	2	3	1
433	44622690	4	3	2	1	1	6	1	3	0
434	66461113	3	5	3	2	4	6	2	2	1
435	83532342	4	2	2	4	2	2	2	0	0
436	71961282	4	4	3	2	3	7	2	4	1
437	85217480	5	4	3	3	2	2	1	0	0
438	79533893	5	4	3	3	4	8	1	3	1
439	85068284	5	2	4	3	2	2	1	4	1
440	13467677	4	1	4	3	2	8	2	4	1
441	43264243	5	5	4	2	3	4	2	4	1
442	92313560	5	4	2	2	4	7	2	4	1
443	20954665	5	3	2	1	1	6	2	4	0
444	65867083	5	3	2	2	1	1	2	5	1
445	12162113	5	4	2	1	1	6	2	3	1
446	31027407	5	2	3	3	2	1	1	3	0
447	95670884	3	2	3	2	2	2	2	0	0
448	43590740	5	2	3	4	3	2	2	0	1
449	78055584	3	4	3	1	1	3	2	0	0
450	78844995	5	1	3	1	3	6	1	1	0
451	92922448	4	5	3	5	3	5	2	2	0
452	83469092	5	5	3	2	1	2	2	5	1
453	53590379	5	3	4	1	3	3	1	4	0
454	29441378	5	3	4	4	1	7	2	3	1
455	19007871	4	5	3	1	3	6	1	1	0
456	68640765	5	5	3	2	3	3	2	4	0
457	50975763	4	3	4	2	3	4	2	2	0
458	18545250	5	5	3	3	1	8	1	3	1
459	77770843	5	4	3	3	3	4	1	5	1
460	58252577	4	3	2	2	3	6	1	5	0
461	69425957	5	4	3	5	4	4	2	1	1
462	32736546	5	4	3	5	1	6	2	0	0
463	91681921	5	4	4	3	2	7	2	4	1
464	89245897	4	3	4	1	4	2	2	2	1
465	73954265	5	1	4	2	2	8	1	3	0
466	62824555	4	3	4	2	1	1	2	3	0
467	71635003	5	5	4	2	1	7	2	3	1
468	87027432	5	4	4	2	1	2	2	3	0
469	15975965	5	2	4	3	2	7	1	3	1
470	64785860	4	2	3	4	1	6	2	4	1
471	54396634	5	3	2	3	3	6	2	5	1
472	87587229	4	3	4	1	2	2	1	3	0
473	36452144	4	4	3	1	2	1	2	0	0
474	71057232	5	3	4	4	3	8	2	4	1
475	69689018	5	2	1	4	2	4	2	5	1
476	72575836	5	3	4	4	2	4	2	0	0
477	54035172	5	1	4	2	4	6	2	5	1
478	98543861	5	3	3	4	4	6	2	1	0
479	28115554	3	1	4	2	4	1	2	4	0
480	90943152	4	5	3	2	4	3	2	3	1
481	38600775	3	3	2	2	3	7	2	0	1
482	40861166	3	1	4	1	2	4	2	4	1
483	36298651	5	2	4	3	1	6	2	2	0
484	74882830	5	3	3	2	3	2	1	4	0
485	13902821	5	3	2	3	2	7	2	0	1
486	46550180	3	4	3	4	3	1	2	5	0
487	27829372	4	2	4	2	2	6	2	3	1
488	51017259	5	3	3	3	3	7	1	0	0
489	53495963	5	2	2	2	2	4	2	4	1
490	99982075	5	3	3	1	2	3	2	5	1
491	89633383	4	3	1	2	2	7	2	4	1
492	69118608	4	1	2	1	1	8	2	4	0
493	30979785	5	1	3	2	2	3	2	3	1
494	18193518	3	4	3	2	1	6	2	3	0
495	31227852	4	3	3	3	1	5	2	4	0
496	51385987	4	2	4	3	1	6	2	3	0
497	11606370	4	4	3	1	1	3	2	0	0
498	17940519	5	4	4	1	1	4	1	3	0
499	76408858	5	4	2	3	4	8	1	2	1
500	13856285	3	3	1	1	3	8	2	5	1
501	42318948	4	4	4	2	2	4	2	4	1
502	82180035	5	4	3	3	3	2	2	1	0
503	29597382	4	5	2	2	2	5	2	3	1
504	61895799	5	4	3	4	1	7	2	2	1
505	13684431	4	3	4	1	3	7	2	5	1
506	32830781	1	2	3	2	2	3	1	3	0
507	25471751	3	4	4	1	1	6	2	4	1
508	39862198	4	3	2	2	2	8	2	2	0
509	62564182	3	4	4	1	1	2	2	4	0
510	64542431	3	4	3	3	1	7	2	2	1
511	24944439	5	5	3	3	1	8	2	3	1
512	56338534	4	3	3	4	1	2	2	0	0
513	81560405	5	4	3	2	2	7	2	4	1
514	55229005	3	1	4	3	1	1	2	1	0
515	68910216	4	5	3	4	3	8	2	2	1
516	22979769	4	1	4	2	2	6	2	3	1
517	69824009	4	3	3	3	2	4	2	4	1
518	91854962	5	4	4	1	2	7	2	1	0
519	24992962	5	5	3	4	2	3	2	3	0
520	28377287	5	2	3	1	3	1	2	5	0
521	27101745	5	1	4	4	3	3	2	4	1
522	26694653	5	5	4	3	4	6	2	4	1
523	41788320	5	1	3	2	2	7	2	3	1
524	70481207	5	5	2	4	2	4	2	0	1
525	55818639	5	4	3	4	1	8	2	4	1
526	33250681	5	1	3	1	1	7	2	2	1
527	47164711	4	1	4	1	2	6	1	3	0
528	25290390	1	4	4	2	1	6	2	1	0
529	13989334	5	1	4	1	3	3	2	1	0
530	74164072	5	2	4	3	3	7	2	4	1
531	74094176	3	1	4	5	1	4	1	1	0
532	18066633	4	1	3	4	3	8	1	5	1
533	20552436	4	1	3	1	2	6	2	4	1
534	27599229	5	3	3	2	2	6	2	2	0
535	78514114	5	4	4	3	2	6	2	1	0
536	42731255	3	4	4	2	2	6	1	0	0
537	65218556	4	2	3	3	2	7	2	5	1
538	11388883	5	4	3	2	1	6	2	4	1
539	99365039	5	3	3	3	1	7	2	3	1
540	27747661	4	5	3	2	3	6	2	4	1
541	62635563	3	2	2	4	1	4	1	3	0
542	45881226	5	4	4	2	1	6	2	3	1
543	47513286	5	3	3	5	2	3	2	4	0
544	11752481	5	4	3	3	1	8	2	3	1
545	20522082	4	5	4	1	2	8	2	4	1
546	79479032	4	5	4	3	1	4	2	0	1
547	56094921	5	4	3	2	3	2	2	4	1
548	54458076	5	5	3	2	3	5	2	3	1
549	55644649	4	1	2	2	3	6	2	5	1
550	33815717	4	4	4	2	3	2	2	1	0
551	66634417	5	3	4	2	1	8	2	4	1
552	39307136	5	4	3	3	1	7	2	3	1
553	87223702	5	5	2	3	1	6	2	3	1
554	92631361	4	5	3	2	1	6	2	4	1
555	65332562	5	3	3	1	3	6	2	1	0
556	68517730	2	4	2	3	2	1	2	4	0
557	45683238	5	4	3	3	3	3	2	5	1
558	55858857	4	5	2	2	2	7	2	1	0
559	74240238	3	3	3	1	1	8	1	3	0
560	33346423	5	5	3	4	1	6	2	3	1
561	23129443	5	4	3	3	3	4	2	3	1
562	85385600	5	5	3	4	3	4	2	0	1
563	29562071	5	4	3	1	1	4	2	3	1
564	27689227	4	2	4	4	2	4	2	2	1
565	22940126	3	1	3	3	3	6	2	2	1
566	79262620	4	4	3	1	1	7	2	3	1
567	70063040	4	3	3	4	1	8	1	3	0
568	37742070	3	1	4	5	1	7	2	1	0
569	74098694	5	3	3	2	3	5	1	4	0
570	24025974	3	3	1	3	2	4	1	4	0
571	58952775	5	1	3	5	2	8	2	1	0
572	36612523	5	2	3	1	3	8	2	3	1
573	36111604	5	5	2	3	2	6	1	5	1
574	62626068	4	5	3	2	3	7	2	5	1
575	90607213	5	3	1	4	1	8	1	2	0
576	71338307	5	2	3	2	1	7	1	4	0
577	62976773	1	2	3	3	3	6	2	5	1
578	21811114	5	4	1	4	1	3	2	3	1
579	70274245	5	1	3	1	2	6	2	4	1
580	55538387	4	5	3	2	1	3	2	0	0
581	38239392	4	5	4	3	2	8	2	4	1
582	81727093	5	3	3	3	1	6	1	2	0
583	90744628	4	2	4	1	2	8	2	1	0
584	61121976	4	3	3	3	3	4	1	4	1
585	72772931	4	4	4	1	3	8	2	5	1
586	56005083	5	1	4	3	3	6	2	4	1
587	55554034	5	3	4	2	3	7	2	0	1
588	71741444	3	3	4	2	4	7	1	5	0
589	28700034	5	1	4	3	3	6	2	5	1
590	20938973	5	5	4	1	2	8	2	2	1
591	33477334	4	5	4	2	1	6	2	2	1
592	29463216	4	4	4	2	3	6	2	3	1
593	13572995	5	2	3	1	2	8	2	4	1
594	15279129	5	4	4	2	1	6	2	2	1
595	47308337	5	4	3	4	2	1	2	3	0
596	39442951	5	2	1	2	1	8	1	2	0
597	74037416	3	1	3	2	2	3	2	1	0
598	65936320	4	4	3	4	4	8	2	4	1
599	41071100	5	5	4	3	1	7	2	3	1
600	47443160	5	1	3	4	1	4	1	4	1
601	29243751	4	3	2	1	3	8	2	4	0
602	19683314	5	4	4	4	1	4	2	3	1
603	97783193	4	5	4	2	1	4	2	3	1
604	35817084	5	3	3	2	4	8	2	1	0
605	74656388	4	1	3	3	3	6	2	5	1
606	99437536	5	1	4	2	2	3	2	4	1
607	65061904	4	4	4	2	1	8	1	4	0
608	21785971	5	4	3	4	2	4	2	4	1
609	46656877	4	1	1	2	2	1	1	0	0
610	58102262	4	4	3	2	2	4	2	3	1
611	91771994	5	1	4	1	4	3	1	5	1
612	78752157	5	1	2	1	3	7	1	5	1
613	28320090	4	3	4	3	1	6	2	3	1
614	79319521	3	3	3	1	1	3	1	4	0
615	56141616	5	1	4	2	3	6	1	3	0
616	35412510	1	2	3	2	3	3	2	4	0
617	37465910	5	4	3	3	3	6	2	4	1
618	60777825	5	3	2	3	1	6	1	3	0
619	39610898	5	4	3	2	3	8	2	4	1
620	13763592	4	5	4	2	2	2	2	3	1
621	30145686	3	4	3	3	3	3	1	5	0
622	62020856	4	1	4	3	3	3	2	5	1
623	68194659	4	3	4	1	3	8	2	1	0
624	93429078	4	1	4	2	3	7	2	4	1
625	23505439	5	5	1	4	1	4	2	5	0
626	39813530	5	2	4	2	2	6	2	3	1
627	11108427	5	4	4	4	3	7	2	2	1
628	95493410	3	1	3	1	2	8	2	4	1
629	33882503	5	1	3	2	2	3	2	0	0
630	87329650	4	2	4	1	2	6	2	1	0
631	98262136	5	1	4	2	4	7	2	0	1
632	58569662	5	1	4	3	4	6	2	5	1
633	75362964	5	4	3	1	1	8	2	1	0
634	66447614	4	2	4	2	2	3	2	4	0
635	16688973	4	1	3	2	3	6	2	4	1
636	34459732	3	4	4	2	3	7	2	4	1
637	64081558	5	4	4	1	1	8	2	0	0
638	29857045	3	2	3	3	1	5	2	2	0
639	10158515	5	3	2	2	3	6	2	5	1
640	90031874	4	4	4	3	1	8	2	3	1
641	30434538	2	3	1	5	3	4	2	2	0
642	37482357	5	2	3	1	1	1	2	4	0
643	51545226	3	5	2	4	2	4	2	4	1
644	69572147	2	2	3	1	2	4	2	1	0
645	35323756	5	5	2	2	3	2	2	2	0
646	65681649	5	2	4	3	2	1	2	4	0
647	85936596	4	4	3	3	3	6	1	4	1
648	90907548	4	1	3	2	2	8	2	3	0
649	65670645	1	1	2	4	1	8	2	3	0
650	23257517	4	4	2	2	1	8	2	3	1
651	82558635	5	3	4	2	2	3	2	3	1
652	98195725	4	4	3	2	4	5	2	5	1
653	47988619	5	5	4	1	3	6	2	2	1
654	11858778	5	5	3	3	4	8	2	4	1
655	19565707	5	4	2	3	3	4	2	5	1
656	46905574	5	4	4	3	1	8	2	4	1
657	47993120	4	5	3	2	1	8	2	5	1
658	63912607	3	3	3	1	4	3	2	1	1
659	28585704	3	5	3	2	2	8	2	3	1
660	24586235	4	5	3	2	2	6	2	2	1
661	22219509	5	4	4	1	1	4	2	3	1
662	86268986	4	4	2	5	2	6	2	4	0
663	31144945	5	1	3	1	3	6	2	3	1
664	47857935	5	2	4	2	1	8	2	4	1
665	84245050	5	1	3	3	1	6	1	2	0
666	36932890	5	3	3	3	2	1	2	1	0
667	87173297	5	5	4	1	4	8	2	4	1
668	40757859	5	1	3	2	3	6	2	4	1
669	76074920	4	3	1	3	3	7	2	3	1
670	29682734	5	1	1	3	2	8	2	3	1
671	85651737	5	1	3	3	1	8	2	2	1
672	24623377	4	1	4	1	2	1	2	3	0
673	93956638	5	3	2	3	4	8	2	5	1
674	43873340	4	1	3	3	2	4	2	4	1
675	31104598	5	4	3	5	3	6	1	3	1
676	59285344	4	3	4	4	2	3	1	0	0
677	56688237	4	4	3	2	3	6	2	3	1
678	41028793	5	5	3	2	1	6	2	1	0
679	64527279	3	3	3	3	2	7	2	3	1
680	46328628	1	4	4	2	3	1	2	0	0
681	22996052	5	2	2	3	1	8	2	1	0
682	72707977	5	5	2	2	2	4	2	5	1
683	70113957	5	3	3	3	2	5	2	4	1
684	14277036	3	1	3	1	2	8	2	1	0
685	72909209	2	5	2	1	2	8	2	3	1
686	58887428	5	3	4	2	3	8	2	5	1
687	62348656	5	3	3	2	2	6	2	4	1
688	39269473	5	4	2	2	4	3	2	0	1
689	83397631	4	3	4	2	1	2	2	0	0
690	34974501	5	5	3	1	1	1	1	3	0
691	33391463	5	1	3	3	1	2	2	3	0
692	91296788	5	1	2	4	3	6	2	2	0
693	31284848	5	4	3	3	2	7	1	4	1
694	54584579	2	1	4	1	2	3	2	0	1
695	89182455	3	4	2	4	1	8	1	0	0
696	73565601	5	5	4	3	1	4	2	3	1
697	91054117	5	1	3	5	2	6	1	3	0
698	39833325	3	3	4	1	3	2	2	3	0
699	67792223	5	5	3	3	1	1	1	3	0
700	77890910	5	5	4	5	3	6	2	4	1
701	21621741	4	3	4	1	2	1	2	2	0
702	20804716	1	4	4	4	3	5	2	3	1
703	21021052	5	2	4	1	1	6	2	2	1
704	37220636	4	3	4	2	1	4	2	4	1
705	21694760	5	2	3	2	2	4	2	3	1
706	69761885	5	2	3	2	1	3	2	4	1
707	44045391	5	3	3	1	3	3	2	4	1
708	84559431	5	1	4	3	4	4	2	3	1
709	14755802	5	4	4	3	3	7	2	4	1
710	58653101	5	5	4	1	1	6	1	3	1
711	43683005	5	5	3	3	2	4	2	3	1
712	25708282	4	1	3	2	1	5	1	3	0
713	68656582	5	3	3	4	2	6	2	1	0
714	45329609	4	2	4	3	2	4	2	0	0
715	77149792	4	4	2	3	2	2	2	3	0
716	29410317	5	2	4	2	2	6	2	4	1
717	75060281	5	1	4	2	1	8	2	2	1
718	80669615	5	3	4	2	2	6	2	3	1
719	22996508	5	5	1	4	1	6	1	1	0
720	13087950	5	5	3	1	3	6	2	3	1
721	67768533	5	5	4	2	3	8	2	2	1
722	74723317	5	3	4	3	2	6	2	3	1
723	94233564	4	1	3	2	2	2	2	3	0
724	68328023	5	3	4	2	3	7	2	5	1
725	72560167	5	3	3	2	2	2	2	0	0
726	78813781	5	2	4	3	1	7	2	5	1
727	33728248	5	4	4	2	2	2	2	4	1
728	85048496	4	2	4	2	3	1	1	4	0
729	19133701	5	5	3	4	4	1	2	1	0
730	64146334	4	2	4	2	2	4	2	5	1
731	42690093	5	3	3	2	2	4	2	5	1
732	66270063	5	5	3	3	2	7	2	0	1
733	46319542	3	5	3	1	1	6	1	2	0
734	46334992	4	5	3	4	2	3	2	3	0
735	91040465	5	3	4	1	2	8	2	4	1
736	69522502	4	5	4	4	1	7	2	3	1
737	62493965	5	4	3	5	2	6	2	5	1
738	53391504	5	1	4	4	3	8	2	4	1
739	61160468	4	1	3	4	3	8	2	2	0
740	59051792	5	2	4	4	2	8	2	1	0
741	75415535	4	3	3	2	2	1	2	0	0
742	14913557	5	4	3	4	1	6	2	4	1
743	11747706	4	5	4	2	3	3	1	5	1
744	65651824	5	2	2	1	2	4	2	0	0
745	68311402	5	4	4	2	1	6	1	3	1
746	22390811	5	1	3	2	2	6	2	5	1
747	19230282	5	5	3	1	3	6	2	5	1
748	29644044	5	3	4	2	3	8	2	3	1
749	55964034	4	2	3	1	1	4	2	0	0
